5 0.0687525 0.742887 0.10955 100 60 500 3
0.0142252 0.0623425 0.0293207 -1 7 8 19.8887 0.920028 0.604814 
0.227604 0.997481 0.469131 3 -1 -1 2.14675 1 1 
0.304457 0.125546 0.229711 3 -1 -1 3.84205 1 1 
0.113802 0.49874 0.234566 5 1 2 5.00834 0.732213 0.846902 
0.755363 0.164072 0.387514 5 -1 -1 6.90994 1 1 
0.056901 0.24937 0.117283 7 3 4 9.34162 0.828732 0.755269 
0.331191 0.459159 0.0913544 7 -1 -1 4.14658 1 1 
0.0284505 0.124685 0.0586414 0 5 6 12.1684 0.931165 0.577515 
0.684048 0.782964 0.153002 0 -1 -1 9.09024 1 1 
